78544327, "post can survive w/o comment but comment also has some value"
126927774, "making an ode in a post"
210865480, 
144223464
107288588
156743446
136443555
104348323
104128261
164724034
178923294
152405603
65013352
73653940
176951435
116645492
123479509
63523035
149908248
102132781
93093239
212244338
163827299
186361734
168101703
162001293
189428190
93816612
177850821
134075779
194310049
130756646
147585269
147516397
136310507
17319290
187354045
193711930
155572941
187450168
130603268
211693579
28966280
98403050
96731744
89588837
77922622
107983900
122182184
79876456
95594764
79244618
94299794
138287817
31207559
103181352
101982631
96785484
106756334
111758839
108154420
95979331
86541817
89776298
46450919
46445262
46445401
46449830
57661917
55847738
122209423
78149644
73237874
110885116
77259678
81018692
71338835
153268999
33487346
113587213
86709973
101251768
100238793
98203613
98775467
201804782
165107924
57561217
51126673
52577101
56024374
56250282
81302445
80835161
22844586
56271680
55239660
57956436
60492256
46441012
52197039
46474391
46485682
33413317
40902968
40385689
35867280
102240626
102048746
101340934
102107992
102132802
101924577
100961906
104372753
129666989
126850780
117472938
125038499
118303401
117491056
117068053
105954455
135169436
85179328
178855086
117215662
117658929
131434255
138875046
146656366
182862368
147062756
139410231
149437730
130188292
171292926
93116752
121098874
202734164
212742186
43794737
46173906
170272050
46781632
87686123
62918698
28078485
33564615
193237915
191079077
14646897
126265146
126176075
125899554
87635456
87502183
149944120
54153112
78248050
77386977
77834907
83140632
77386635
77746504
77944551
85037437
78292885
77495218
73695226
117379197
118225653
116442172
116810372
122509684
116666852
117608627
122332165
116763339
116611258
143742829
144510227
156367724
154690900
128274968
99532422
39981615
39640375
41569463
36608654
142646000
142502206
24590950
88620850
67256083
76870467
167323804
147345274
180137952
95449432
123513102
94957273
97375759
85318558
135128225
134501693
55894821
199360907
113522275
97826597
96650627
79821475
101642934
138624572
36297525
39137190
154566850
146986178
155750668
64293999
180894058
118989390
144096578
34004500
33803524
33673551
34559161
106880253
62591336
143620053
99221272
158826295
172122525
37900194
42919534
54990389
167909340
187576773
188940965
182421130
21452173
21451982
25371720
21471415
21593104
21954635
21493159
21462244
21457088
23191831
69838943
24178915
32150913
33636099
56091375
118708729
117601886
117596725
32687503
32803934
48698515
107246886
46512931
56108260
152229589
151061305
151107852
151078129
151468449
91825339
172920945
169294424
169758789
182581467
155060394
187987992
152005717
172709423
182832627
133525122
170800830
170894879
109907810
134824131
46467587
63691407
50861018
44875896
118088170
61586436
106116272
61010524
46241304
41173292
50763420
45631682
52633486
49198961
47195084
48827328
51468899
124649211
142636727
68139988
69209638
26206253
91600648
91614718
88675672
108609755
108527577
119782927
114336062
113478825
103166858
42374476
164210635
145571573
42567089
58264696
45441748
71447798
51917964
67068216
87860398
194453375
173889938
175614748
73896735
32341569
123207637
137768542
99582667
73146042
63343158
210123452
45352699
40091720
42808376
118999954
98097443
57087287
42322357
41685314
53273989
140251708
135269812
69913778
41995467
105378081
62156744
94295433
107175562
160208991
194501375
47825673
59026366
170567381
106653905
71433045
130364504
103779765
82608314
185238641
139657895
153860002
46812857
103083487
79610347
142463159
152791158
135943905
193857626
180750390
95377062
81430778
152002678
124251875
116868612
116672248
31808909
162281324
167248485
147227483
167563193
151803624
93935583
134141450
120258970
125003080
185077787
148034736
137711626
107248152
183061440
145264842
58535558
96957718
132664037
144824822
50288617
50412696
122888446
184260275
23022662
203294820
144550318
134336792
196879757
147585269
147516397
136310507
17319290
187354045
193711930
155572941
187450168
130603268
211693579
28966280
98403050
96731744
89588837
77922622
107983900
122182184
79876456
95594764
79244618
94299794
138287817
31207559
103181352
101982631
96785484
106756334
111758839
108154420
95979331
86541817
89776298
46450919
46445262
46445401
46449830
57661917
55847738
122209423
78149644
73237874
110885116
77259678
81018692
71338835
153268999
33487346
113587213
86709973
101251768
100238793
98203613
98775467
201804782
165107924
57561217
51126673
52577101
56024374
56250282
81302445
80835161
22844586
56271680
55239660
57956436
60492256
46441012
52197039
46474391
46485682
33413317
40902968
40385689
35867280
102240626
102048746
101340934
102107992
102132802
101924577
100961906
104372753
129666989
126850780
117472938
125038499
118303401
117491056
117068053
105954455
135169436
85179328
178855086
117215662
117658929
131434255
138875046
146656366
182862368
147062756
139410231
149437730
130188292
171292926
93116752
121098874
202734164
212742186
43794737
46173906
170272050
46781632
87686123
62918698
28078485
33564615
193237915
191079077
14646897
126265146
126176075
125899554
87635456
87502183
149944120
54153112
78248050
77386977
77834907
83140632
77386635
77746504
77944551
85037437
78292885
77495218
73695226
117379197
118225653
116442172
116810372
122509684
116666852
117608627
122332165
116763339
116611258
143742829
144510227
156367724
154690900
128274968
99532422
39981615
39640375
41569463
36608654
142646000
142502206
24590950
88620850
67256083
76870467
167323804
147345274
180137952
95449432
123513102
94957273
97375759
85318558
135128225
134501693
55894821
199360907
113522275
97826597
96650627
79821475
101642934
138624572
36297525
39137190
154566850
146986178
155750668
64293999
180894058
118989390
144096578
34004500
33803524
33673551
34559161
106880253
62591336
143620053
99221272
158826295
172122525
37900194
42919534
54990389
167909340
187576773
188940965
182421130
21452173
21451982
25371720
21471415
21593104
21954635
21493159
21462244
21457088
23191831
69838943
24178915
32150913
33636099
56091375
118708729
117601886
117596725
32687503
32803934
48698515
107246886
46512931
56108260
152229589
151061305
151107852
151078129
151468449
91825339
172920945
169294424
169758789
182581467
155060394
187987992
152005717
172709423
182832627
133525122
170800830
170894879
109907810
134824131
46467587
63691407
50861018
44875896
118088170
61586436
106116272
61010524
46241304
41173292
50763420
45631682
52633486
49198961
47195084
48827328
51468899
124649211
142636727
68139988
69209638
26206253
91600648
91614718
88675672
108609755
108527577
119782927
114336062
113478825
103166858
42374476
164210635
145571573
42567089
58264696
45441748
71447798
51917964
67068216
87860398
194453375
173889938
175614748
73896735
32341569
123207637
137768542
99582667
73146042
63343158
210123452
45352699
40091720
42808376
118999954
98097443
57087287
42322357
41685314
53273989
